     1     1.0000E+09  9.6000E+08     4.0822E-02     0.0000E+00     0.0000E+00
     2     9.6000E+08  9.2000E+08     4.2560E-02     0.0000E+00     0.0000E+00
     3     9.2000E+08  8.8000E+08     4.4452E-02     0.0000E+00     0.0000E+00
     4     8.8000E+08  8.4000E+08     4.6520E-02     0.0000E+00     0.0000E+00
     5     8.4000E+08  8.0000E+08     4.8790E-02     0.0000E+00     0.0000E+00
     6     8.0000E+08  7.6000E+08     5.1293E-02     0.0000E+00     0.0000E+00
     7     7.6000E+08  7.2000E+08     5.4067E-02     0.0000E+00     0.0000E+00
     8     7.2000E+08  6.8000E+08     5.7158E-02     0.0000E+00     0.0000E+00
     9     6.8000E+08  6.4000E+08     6.0625E-02     0.0000E+00     0.0000E+00
    10     6.4000E+08  6.0000E+08     6.4539E-02     0.0000E+00     0.0000E+00
    11     6.0000E+08  5.6000E+08     6.8993E-02     0.0000E+00     0.0000E+00
    12     5.6000E+08  5.2000E+08     7.4108E-02     0.0000E+00     0.0000E+00
    13     5.2000E+08  4.8000E+08     8.0043E-02     0.0000E+00     0.0000E+00
    14     4.8000E+08  4.4000E+08     8.7011E-02     0.0000E+00     0.0000E+00
    15     4.4000E+08  4.0000E+08     9.5310E-02     0.0000E+00     0.0000E+00
    16     4.0000E+08  3.6000E+08     1.0536E-01     0.0000E+00     0.0000E+00
    17     3.6000E+08  3.2000E+08     1.1778E-01     0.0000E+00     0.0000E+00
    18     3.2000E+08  2.8000E+08     1.3353E-01     0.0000E+00     0.0000E+00
    19     2.8000E+08  2.4000E+08     1.5415E-01     0.0000E+00     0.0000E+00
    20     2.4000E+08  2.0000E+08     1.8232E-01     0.0000E+00     0.0000E+00
    21     2.0000E+08  1.8000E+08     1.0536E-01     0.0000E+00     0.0000E+00
    22     1.8000E+08  1.6000E+08     1.1778E-01     0.0000E+00     0.0000E+00
    23     1.6000E+08  1.4000E+08     1.3353E-01     0.0000E+00     0.0000E+00
    24     1.4000E+08  1.2000E+08     1.5415E-01     0.0000E+00     0.0000E+00
    25     1.2000E+08  1.0000E+08     1.8232E-01     0.0000E+00     0.0000E+00
    26     1.0000E+08  9.0000E+07     1.0536E-01     0.0000E+00     0.0000E+00
    27     9.0000E+07  8.0000E+07     1.1778E-01     0.0000E+00     0.0000E+00
    28     8.0000E+07  7.0000E+07     1.3353E-01     0.0000E+00     0.0000E+00
    29     7.0000E+07  6.0000E+07     1.5415E-01     0.0000E+00     0.0000E+00
    30     6.0000E+07  5.5000E+07     8.7011E-02     0.0000E+00     0.0000E+00
    31     5.5000E+07  5.4000E+07     1.8349E-02     0.0000E+00     0.0000E+00
    32     5.4000E+07  5.0000E+07     7.6961E-02     0.0000E+00     0.0000E+00
    33     5.0000E+07  4.5000E+07     1.0536E-01     0.0000E+00     0.0000E+00
    34     4.5000E+07  4.0000E+07     1.1778E-01     0.0000E+00     0.0000E+00
    35     4.0000E+07  3.5000E+07     1.3353E-01     0.0000E+00     0.0000E+00
    36     3.5000E+07  3.0000E+07     1.5415E-01     0.0000E+00     0.0000E+00
    37     3.0000E+07  2.8000E+07     6.8993E-02     0.0000E+00     0.0000E+00
    38     2.8000E+07  2.6000E+07     7.4108E-02     0.0000E+00     0.0000E+00
    39     2.6000E+07  2.4000E+07     8.0043E-02     0.0000E+00     0.0000E+00
    40     2.4000E+07  2.2000E+07     8.7011E-02     0.0000E+00     0.0000E+00
    41     2.2000E+07  2.0000E+07     9.5310E-02     0.0000E+00     0.0000E+00
    42     2.0000E+07  1.9000E+07     5.1293E-02     0.0000E+00     0.0000E+00
    43     1.9000E+07  1.8000E+07     5.4067E-02     0.0000E+00     0.0000E+00
    44     1.8000E+07  1.7000E+07     5.7158E-02     0.0000E+00     0.0000E+00
    45     1.7000E+07  1.6000E+07     6.0625E-02     0.0000E+00     0.0000E+00
    46     1.6000E+07  1.5000E+07     6.4539E-02     0.0000E+00     0.0000E+00
    47     1.5000E+07  1.4000E+07     6.8993E-02     0.0000E+00     0.0000E+00
    48     1.4000E+07  1.3000E+07     7.4108E-02     0.0000E+00     0.0000E+00
    49     1.3000E+07  1.2000E+07     8.0043E-02     0.0000E+00     0.0000E+00
    50     1.2000E+07  1.1000E+07     8.7011E-02     0.0000E+00     0.0000E+00
    51     1.1000E+07  1.0000E+07     9.5310E-02     0.0000E+00     0.0000E+00
    52     1.0000E+07  9.8000E+06     2.0203E-02     0.0000E+00     0.0000E+00
    53     9.8000E+06  9.6000E+06     2.0619E-02     0.0000E+00     0.0000E+00
    54     9.6000E+06  9.4000E+06     2.1053E-02     0.0000E+00     0.0000E+00
    55     9.4000E+06  9.2000E+06     2.1506E-02     0.0000E+00     0.0000E+00
    56     9.2000E+06  9.0000E+06     2.1979E-02     0.0000E+00     0.0000E+00
    57     9.0000E+06  8.8000E+06     2.2473E-02     0.0000E+00     0.0000E+00
    58     8.8000E+06  8.6000E+06     2.2990E-02     0.0000E+00     0.0000E+00
    59     8.6000E+06  8.4000E+06     2.3530E-02     0.0000E+00     0.0000E+00
    60     8.4000E+06  8.2000E+06     2.4098E-02     0.0000E+00     0.0000E+00
    61     8.2000E+06  8.0000E+06     2.4693E-02     0.0000E+00     0.0000E+00
    62     8.0000E+06  7.8000E+06     2.5318E-02     0.0000E+00     0.0000E+00
    63     7.8000E+06  7.6000E+06     2.5975E-02     0.0000E+00     0.0000E+00
    64     7.6000E+06  7.4000E+06     2.6668E-02     0.0000E+00     0.0000E+00
    65     7.4000E+06  7.2000E+06     2.7399E-02     0.0000E+00     0.0000E+00
    66     7.2000E+06  7.0000E+06     2.8171E-02     0.0000E+00     0.0000E+00
    67     7.0000E+06  6.8000E+06     2.8988E-02     0.0000E+00     0.0000E+00
    68     6.8000E+06  6.6000E+06     2.9853E-02     0.0000E+00     0.0000E+00
    69     6.6000E+06  6.4000E+06     3.0772E-02     0.0000E+00     0.0000E+00
    70     6.4000E+06  6.2000E+06     3.1749E-02     0.0000E+00     0.0000E+00
    71     6.2000E+06  6.0000E+06     3.2790E-02     0.0000E+00     0.0000E+00
    72     6.0000E+06  5.8000E+06     3.3902E-02     0.0000E+00     0.0000E+00
    73     5.8000E+06  5.6000E+06     3.5091E-02     0.0000E+00     0.0000E+00
    74     5.6000E+06  5.4000E+06     3.6368E-02     0.0000E+00     0.0000E+00
    75     5.4000E+06  5.2000E+06     3.7740E-02     0.0000E+00     0.0000E+00
    76     5.2000E+06  5.0000E+06     3.9221E-02     0.0000E+00     0.0000E+00
    77     5.0000E+06  4.8000E+06     4.0822E-02     0.0000E+00     0.0000E+00
    78     4.8000E+06  4.6000E+06     4.2560E-02     0.0000E+00     0.0000E+00
    79     4.6000E+06  4.4000E+06     4.4452E-02     0.0000E+00     0.0000E+00
    80     4.4000E+06  4.2000E+06     4.6520E-02     0.0000E+00     0.0000E+00
    81     4.2000E+06  4.0000E+06     4.8790E-02     0.0000E+00     0.0000E+00
    82     4.0000E+06  3.8750E+06     3.1749E-02     0.0000E+00     0.0000E+00
    83     3.8750E+06  3.7500E+06     3.2790E-02     0.0000E+00     0.0000E+00
    84     3.7500E+06  3.6250E+06     3.3902E-02     0.0000E+00     0.0000E+00
    85     3.6250E+06  3.5000E+06     3.5091E-02     0.0000E+00     0.0000E+00
    86     3.5000E+06  3.3750E+06     3.6368E-02     0.0000E+00     0.0000E+00
    87     3.3750E+06  3.2500E+06     3.7740E-02     0.0000E+00     0.0000E+00
    88     3.2500E+06  3.1250E+06     3.9221E-02     0.0000E+00     0.0000E+00
    89     3.1250E+06  3.0000E+06     4.0822E-02     0.0000E+00     0.0000E+00
    90     3.0000E+06  2.8750E+06     4.2560E-02     0.0000E+00     0.0000E+00
    91     2.8750E+06  2.7500E+06     4.4452E-02     0.0000E+00     0.0000E+00
    92     2.7500E+06  2.6250E+06     4.6520E-02     0.0000E+00     0.0000E+00
    93     2.6250E+06  2.5000E+06     4.8790E-02     0.0000E+00     0.0000E+00
    94     2.5000E+06  2.3750E+06     5.1293E-02     0.0000E+00     0.0000E+00
    95     2.3750E+06  2.2500E+06     5.4067E-02     0.0000E+00     0.0000E+00
    96     2.2500E+06  2.1250E+06     5.7158E-02     0.0000E+00     0.0000E+00
    97     2.1250E+06  2.0000E+06     6.0625E-02     0.0000E+00     0.0000E+00
    98     2.0000E+06  1.8750E+06     6.4539E-02     0.0000E+00     0.0000E+00
    99     1.8750E+06  1.7500E+06     6.8993E-02     0.0000E+00     0.0000E+00
   100     1.7500E+06  1.6250E+06     7.4108E-02     0.0000E+00     0.0000E+00
   101     1.6250E+06  1.5000E+06     8.0043E-02     1.6956E+21     2.1183E+22
   102     1.5000E+06  1.3750E+06     8.7011E-02     2.2860E+21     2.6272E+22
   103     1.3750E+06  1.2500E+06     9.5310E-02     2.1938E+21     2.3018E+22
   104     1.2500E+06  1.1250E+06     1.0536E-01     2.2617E+21     2.1466E+22
   105     1.1250E+06  1.0000E+06     1.1778E-01     2.2175E+21     1.8827E+22
   106     1.0000E+06  9.7500E+05     2.5318E-02     4.2155E+20     1.6650E+22
   107     9.7500E+05  9.5000E+05     2.5975E-02     4.3250E+20     1.6650E+22
   108     9.5000E+05  9.2500E+05     2.6668E-02     4.4403E+20     1.6650E+22
   109     9.2500E+05  9.0000E+05     2.7399E-02     4.5620E+20     1.6650E+22
   110     9.0000E+05  8.7500E+05     2.8171E-02     4.6905E+20     1.6650E+22
   111     8.7500E+05  8.5000E+05     2.8988E-02     4.8265E+20     1.6650E+22
   112     8.5000E+05  8.2500E+05     2.9853E-02     4.9706E+20     1.6650E+22
   113     8.2500E+05  8.0000E+05     3.0772E-02     5.1236E+20     1.6650E+22
   114     8.0000E+05  7.7500E+05     3.1749E-02     3.7507E+20     1.1814E+22
   115     7.7500E+05  7.5000E+05     3.2790E-02     3.8737E+20     1.1814E+22
   116     7.5000E+05  7.2500E+05     3.3902E-02     4.0050E+20     1.1814E+22
   117     7.2500E+05  7.0000E+05     3.5091E-02     4.1455E+20     1.1814E+22
   118     7.0000E+05  6.7500E+05     3.6368E-02     4.2963E+20     1.1814E+22
   119     6.7500E+05  6.5000E+05     3.7740E-02     4.4585E+20     1.1814E+22
   120     6.5000E+05  6.2500E+05     3.9221E-02     4.6334E+20     1.1814E+22
   121     6.2500E+05  6.0000E+05     4.0822E-02     4.8225E+20     1.1814E+22
   122     6.0000E+05  5.7500E+05     4.2560E-02     5.0278E+20     1.1814E+22
   123     5.7500E+05  5.5000E+05     4.4452E-02     5.2514E+20     1.1814E+22
   124     5.5000E+05  5.2500E+05     4.6520E-02     4.7235E+20     1.0154E+22
   125     5.2500E+05  5.0000E+05     4.8790E-02     3.3716E+20     6.9105E+21
   126     5.0000E+05  4.7500E+05     5.1293E-02     3.5446E+20     6.9105E+21
   127     4.7500E+05  4.5000E+05     5.4067E-02     3.7363E+20     6.9105E+21
   128     4.5000E+05  4.2500E+05     5.7158E-02     3.9499E+20     6.9105E+21
   129     4.2500E+05  4.0000E+05     6.0625E-02     4.1895E+20     6.9105E+21
   130     4.0000E+05  3.7500E+05     6.4539E-02     4.4599E+20     6.9105E+21
   131     3.7500E+05  3.5000E+05     6.8993E-02     4.7678E+20     6.9105E+21
   132     3.5000E+05  3.2500E+05     7.4108E-02     5.1212E+20     6.9105E+21
   133     3.2500E+05  3.0000E+05     8.0043E-02     5.5314E+20     6.9105E+21
   134     3.0000E+05  2.8000E+05     6.8993E-02     4.7678E+20     6.9105E+21
   135     2.8000E+05  2.6000E+05     7.4108E-02     3.3716E+20     4.5496E+21
   136     2.6000E+05  2.4000E+05     8.0043E-02     0.0000E+00     0.0000E+00
   137     2.4000E+05  2.2000E+05     8.7011E-02     0.0000E+00     0.0000E+00
   138     2.2000E+05  2.0000E+05     9.5310E-02     0.0000E+00     0.0000E+00
   139     2.0000E+05  1.8000E+05     1.0536E-01     0.0000E+00     0.0000E+00
   140     1.8000E+05  1.6000E+05     1.1778E-01     0.0000E+00     0.0000E+00
   141     1.6000E+05  1.4000E+05     1.3353E-01     0.0000E+00     0.0000E+00
   142     1.4000E+05  1.2000E+05     1.5415E-01     0.0000E+00     0.0000E+00
   143     1.2000E+05  1.0000E+05     1.8232E-01     0.0000E+00     0.0000E+00
   144     1.0000E+05  9.5000E+04     5.1293E-02     0.0000E+00     0.0000E+00
   145     9.5000E+04  9.0000E+04     5.4067E-02     0.0000E+00     0.0000E+00
   146     9.0000E+04  8.5000E+04     5.7158E-02     0.0000E+00     0.0000E+00
   147     8.5000E+04  8.0000E+04     6.0625E-02     0.0000E+00     0.0000E+00
   148     8.0000E+04  7.5000E+04     6.4539E-02     0.0000E+00     0.0000E+00
   149     7.5000E+04  7.0000E+04     6.8993E-02     0.0000E+00     0.0000E+00
   150     7.0000E+04  6.5000E+04     7.4108E-02     0.0000E+00     0.0000E+00
   151     6.5000E+04  6.0000E+04     8.0043E-02     0.0000E+00     0.0000E+00
   152     6.0000E+04  5.5000E+04     8.7011E-02     0.0000E+00     0.0000E+00
   153     5.5000E+04  5.0000E+04     9.5310E-02     0.0000E+00     0.0000E+00
   154     5.0000E+04  4.5000E+04     1.0536E-01     0.0000E+00     0.0000E+00
   155     4.5000E+04  4.0000E+04     1.1778E-01     0.0000E+00     0.0000E+00
   156     4.0000E+04  3.5000E+04     1.3353E-01     0.0000E+00     0.0000E+00
   157     3.5000E+04  3.0000E+04     1.5415E-01     0.0000E+00     0.0000E+00
   158     3.0000E+04  2.5000E+04     1.8232E-01     0.0000E+00     0.0000E+00
   159     2.5000E+04  2.0000E+04     2.2314E-01     0.0000E+00     0.0000E+00
   160     2.0000E+04  1.5000E+04     2.8768E-01     0.0000E+00     0.0000E+00
   161     1.5000E+04  1.0000E+04     4.0547E-01     0.0000E+00     0.0000E+00
   162     1.0000E+04  5.0000E+03     6.9315E-01     0.0000E+00     0.0000E+00