     1     1.0000E+09  9.6000E+08     4.0822E-02     0.0000E+00     0.0000E+00
     2     9.6000E+08  9.2000E+08     4.2560E-02     0.0000E+00     0.0000E+00
     3     9.2000E+08  8.8000E+08     4.4452E-02     0.0000E+00     0.0000E+00
     4     8.8000E+08  8.4000E+08     4.6520E-02     0.0000E+00     0.0000E+00
     5     8.4000E+08  8.0000E+08     4.8790E-02     0.0000E+00     0.0000E+00
     6     8.0000E+08  7.6000E+08     5.1293E-02     0.0000E+00     0.0000E+00
     7     7.6000E+08  7.2000E+08     5.4067E-02     0.0000E+00     0.0000E+00
     8     7.2000E+08  6.8000E+08     5.7158E-02     0.0000E+00     0.0000E+00
     9     6.8000E+08  6.4000E+08     6.0625E-02     0.0000E+00     0.0000E+00
    10     6.4000E+08  6.0000E+08     6.4539E-02     0.0000E+00     0.0000E+00
    11     6.0000E+08  5.6000E+08     6.8993E-02     0.0000E+00     0.0000E+00
    12     5.6000E+08  5.2000E+08     7.4108E-02     0.0000E+00     0.0000E+00
    13     5.2000E+08  4.8000E+08     8.0043E-02     0.0000E+00     0.0000E+00
    14     4.8000E+08  4.4000E+08     8.7011E-02     0.0000E+00     0.0000E+00
    15     4.4000E+08  4.0000E+08     9.5310E-02     0.0000E+00     0.0000E+00
    16     4.0000E+08  3.6000E+08     1.0536E-01     0.0000E+00     0.0000E+00
    17     3.6000E+08  3.2000E+08     1.1778E-01     0.0000E+00     0.0000E+00
    18     3.2000E+08  2.8000E+08     1.3353E-01     0.0000E+00     0.0000E+00
    19     2.8000E+08  2.4000E+08     1.5415E-01     0.0000E+00     0.0000E+00
    20     2.4000E+08  2.0000E+08     1.8232E-01     0.0000E+00     0.0000E+00
    21     2.0000E+08  1.8000E+08     1.0536E-01     0.0000E+00     0.0000E+00
    22     1.8000E+08  1.6000E+08     1.1778E-01     0.0000E+00     0.0000E+00
    23     1.6000E+08  1.5000E+08     6.4539E-02     0.0000E+00     0.0000E+00
    24     1.5000E+08  1.4000E+08     6.8993E-02     0.0000E+00     0.0000E+00
    25     1.4000E+08  1.3000E+08     7.4108E-02     0.0000E+00     0.0000E+00
    26     1.3000E+08  1.2000E+08     8.0043E-02     0.0000E+00     0.0000E+00
    27     1.2000E+08  1.1000E+08     8.7011E-02     0.0000E+00     0.0000E+00
    28     1.1000E+08  1.0000E+08     9.5310E-02     0.0000E+00     0.0000E+00
    29     1.0000E+08  9.0000E+07     1.0536E-01     0.0000E+00     0.0000E+00
    30     9.0000E+07  8.0000E+07     1.1778E-01     0.0000E+00     0.0000E+00
    31     8.0000E+07  7.5000E+07     6.4539E-02     0.0000E+00     0.0000E+00
    32     7.5000E+07  7.0000E+07     6.8993E-02     0.0000E+00     0.0000E+00
    33     7.0000E+07  6.5000E+07     7.4108E-02     0.0000E+00     0.0000E+00
    34     6.5000E+07  6.0000E+07     8.0043E-02     0.0000E+00     0.0000E+00
    35     6.0000E+07  5.8000E+07     3.3902E-02     0.0000E+00     0.0000E+00
    36     5.8000E+07  5.6000E+07     3.5091E-02     0.0000E+00     0.0000E+00
    37     5.6000E+07  5.4000E+07     3.6368E-02     0.0000E+00     0.0000E+00
    38     5.4000E+07  5.2000E+07     3.7740E-02     0.0000E+00     0.0000E+00
    39     5.2000E+07  5.0000E+07     3.9221E-02     0.0000E+00     0.0000E+00
    40     5.0000E+07  4.8000E+07     4.0822E-02     0.0000E+00     0.0000E+00
    41     4.8000E+07  4.6000E+07     4.2560E-02     0.0000E+00     0.0000E+00
    42     4.6000E+07  4.4000E+07     4.4452E-02     0.0000E+00     0.0000E+00
    43     4.4000E+07  4.2000E+07     4.6520E-02     0.0000E+00     0.0000E+00
    44     4.2000E+07  4.0000E+07     4.8790E-02     0.0000E+00     0.0000E+00
    45     4.0000E+07  3.8000E+07     5.1293E-02     0.0000E+00     0.0000E+00
    46     3.8000E+07  3.6000E+07     5.4067E-02     0.0000E+00     0.0000E+00
    47     3.6000E+07  3.4000E+07     5.7158E-02     0.0000E+00     0.0000E+00
    48     3.4000E+07  3.2000E+07     6.0625E-02     0.0000E+00     0.0000E+00
    49     3.2000E+07  3.0000E+07     6.4539E-02     0.0000E+00     0.0000E+00
    50     3.0000E+07  2.9000E+07     3.3902E-02     0.0000E+00     0.0000E+00
    51     2.9000E+07  2.8000E+07     3.5091E-02     0.0000E+00     0.0000E+00
    52     2.8000E+07  2.7000E+07     3.6368E-02     0.0000E+00     0.0000E+00
    53     2.7000E+07  2.6000E+07     3.7740E-02     0.0000E+00     0.0000E+00
    54     2.6000E+07  2.5000E+07     3.9221E-02     0.0000E+00     0.0000E+00
    55     2.5000E+07  2.4000E+07     4.0822E-02     0.0000E+00     0.0000E+00
    56     2.4000E+07  2.3000E+07     4.2560E-02     0.0000E+00     0.0000E+00
    57     2.3000E+07  2.2000E+07     4.4452E-02     0.0000E+00     0.0000E+00
    58     2.2000E+07  2.1000E+07     4.6520E-02     0.0000E+00     0.0000E+00
    59     2.1000E+07  2.0000E+07     4.8790E-02     0.0000E+00     0.0000E+00
    60     2.0000E+07  1.9800E+07     1.0050E-02     0.0000E+00     0.0000E+00
    61     1.9800E+07  1.9600E+07     1.0152E-02     0.0000E+00     0.0000E+00
    62     1.9600E+07  1.9400E+07     1.0257E-02     0.0000E+00     0.0000E+00
    63     1.9400E+07  1.9200E+07     1.0363E-02     0.0000E+00     0.0000E+00
    64     1.9200E+07  1.9000E+07     1.0471E-02     0.0000E+00     0.0000E+00
    65     1.9000E+07  1.8800E+07     1.0582E-02     0.0000E+00     0.0000E+00
    66     1.8800E+07  1.8600E+07     1.0695E-02     0.0000E+00     0.0000E+00
    67     1.8600E+07  1.8400E+07     1.0811E-02     0.0000E+00     0.0000E+00
    68     1.8400E+07  1.8200E+07     1.0929E-02     0.0000E+00     0.0000E+00
    69     1.8200E+07  1.8000E+07     1.1050E-02     0.0000E+00     0.0000E+00
    70     1.8000E+07  1.7800E+07     1.1173E-02     0.0000E+00     0.0000E+00
    71     1.7800E+07  1.7600E+07     1.1300E-02     0.0000E+00     0.0000E+00
    72     1.7600E+07  1.7400E+07     1.1429E-02     0.0000E+00     0.0000E+00
    73     1.7400E+07  1.7200E+07     1.1561E-02     0.0000E+00     0.0000E+00
    74     1.7200E+07  1.7000E+07     1.1696E-02     0.0000E+00     0.0000E+00
    75     1.7000E+07  1.6800E+07     1.1834E-02     0.0000E+00     0.0000E+00
    76     1.6800E+07  1.6600E+07     1.1976E-02     0.0000E+00     0.0000E+00
    77     1.6600E+07  1.6400E+07     1.2121E-02     0.0000E+00     0.0000E+00
    78     1.6400E+07  1.6200E+07     1.2270E-02     0.0000E+00     0.0000E+00
    79     1.6200E+07  1.6000E+07     1.2423E-02     0.0000E+00     0.0000E+00
    80     1.6000E+07  1.5800E+07     1.2579E-02     3.5849E+21     2.8500E+23
    81     1.5800E+07  1.5600E+07     1.2739E-02     3.5898E+21     2.8180E+23
    82     1.5600E+07  1.5400E+07     1.2903E-02     3.5949E+21     2.7860E+23
    83     1.5400E+07  1.5200E+07     1.3072E-02     3.6003E+21     2.7542E+23
    84     1.5200E+07  1.5000E+07     1.3245E-02     3.5845E+21     2.7063E+23
    85     1.5000E+07  1.4800E+07     1.3423E-02     3.5897E+21     2.6743E+23
    86     1.4800E+07  1.4600E+07     1.3606E-02     3.5951E+21     2.6423E+23
    87     1.4600E+07  1.4400E+07     1.3793E-02     3.6007E+21     2.6105E+23
    88     1.4400E+07  1.4200E+07     1.3986E-02     0.0000E+00     0.0000E+00
    89     1.4200E+07  1.4000E+07     1.4185E-02     0.0000E+00     0.0000E+00
    90     1.4000E+07  1.3800E+07     1.4389E-02     0.0000E+00     0.0000E+00
    91     1.3800E+07  1.3600E+07     1.4599E-02     0.0000E+00     0.0000E+00
    92     1.3600E+07  1.3400E+07     1.4815E-02     0.0000E+00     0.0000E+00
    93     1.3400E+07  1.3200E+07     1.5038E-02     0.0000E+00     0.0000E+00
    94     1.3200E+07  1.3000E+07     1.5267E-02     0.0000E+00     0.0000E+00
    95     1.3000E+07  1.2800E+07     1.5504E-02     0.0000E+00     0.0000E+00
    96     1.2800E+07  1.2600E+07     1.5748E-02     0.0000E+00     0.0000E+00
    97     1.2600E+07  1.2400E+07     1.6000E-02     0.0000E+00     0.0000E+00
    98     1.2400E+07  1.2200E+07     1.6261E-02     0.0000E+00     0.0000E+00
    99     1.2200E+07  1.2000E+07     1.6529E-02     0.0000E+00     0.0000E+00
   100     1.2000E+07  1.1800E+07     1.6807E-02     0.0000E+00     0.0000E+00
   101     1.1800E+07  1.1600E+07     1.7094E-02     0.0000E+00     0.0000E+00
   102     1.1600E+07  1.1400E+07     1.7392E-02     0.0000E+00     0.0000E+00
   103     1.1400E+07  1.1200E+07     1.7700E-02     0.0000E+00     0.0000E+00
   104     1.1200E+07  1.1000E+07     1.8019E-02     0.0000E+00     0.0000E+00
   105     1.1000E+07  1.0800E+07     1.8349E-02     0.0000E+00     0.0000E+00
   106     1.0800E+07  1.0600E+07     1.8692E-02     0.0000E+00     0.0000E+00
   107     1.0600E+07  1.0400E+07     1.9048E-02     0.0000E+00     0.0000E+00
   108     1.0400E+07  1.0200E+07     1.9418E-02     0.0000E+00     0.0000E+00
   109     1.0200E+07  1.0000E+07     1.9803E-02     0.0000E+00     0.0000E+00
   110     1.0000E+07  9.5499E+06     4.6052E-02     0.0000E+00     0.0000E+00
   111     9.5499E+06  9.1201E+06     4.6052E-02     0.0000E+00     0.0000E+00
   112     9.1201E+06  8.7096E+06     4.6052E-02     0.0000E+00     0.0000E+00
   113     8.7096E+06  8.3176E+06     4.6052E-02     0.0000E+00     0.0000E+00
   114     8.3176E+06  7.9433E+06     4.6052E-02     0.0000E+00     0.0000E+00
   115     7.9433E+06  7.5858E+06     4.6052E-02     0.0000E+00     0.0000E+00
   116     7.5858E+06  7.2444E+06     4.6052E-02     0.0000E+00     0.0000E+00
   117     7.2444E+06  6.9183E+06     4.6052E-02     0.0000E+00     0.0000E+00
   118     6.9183E+06  6.6069E+06     4.6052E-02     0.0000E+00     0.0000E+00
   119     6.6069E+06  6.3096E+06     4.6052E-02     0.0000E+00     0.0000E+00
   120     6.3096E+06  6.0256E+06     4.6052E-02     0.0000E+00     0.0000E+00
   121     6.0256E+06  5.7544E+06     4.6052E-02     0.0000E+00     0.0000E+00
   122     5.7544E+06  5.4954E+06     4.6052E-02     0.0000E+00     0.0000E+00
   123     5.4954E+06  5.2481E+06     4.6052E-02     0.0000E+00     0.0000E+00
   124     5.2481E+06  5.0119E+06     4.6052E-02     0.0000E+00     0.0000E+00
   125     5.0119E+06  4.7863E+06     4.6052E-02     0.0000E+00     0.0000E+00
   126     4.7863E+06  4.5709E+06     4.6052E-02     0.0000E+00     0.0000E+00
   127     4.5709E+06  4.3652E+06     4.6052E-02     0.0000E+00     0.0000E+00
   128     4.3652E+06  4.1687E+06     4.6052E-02     0.0000E+00     0.0000E+00
   129     4.1687E+06  3.9811E+06     4.6052E-02     0.0000E+00     0.0000E+00
   130     3.9811E+06  3.8019E+06     4.6052E-02     0.0000E+00     0.0000E+00
   131     3.8019E+06  3.6308E+06     4.6052E-02     0.0000E+00     0.0000E+00
   132     3.6308E+06  3.4674E+06     4.6052E-02     0.0000E+00     0.0000E+00
   133     3.4674E+06  3.3113E+06     4.6052E-02     0.0000E+00     0.0000E+00
   134     3.3113E+06  3.1623E+06     4.6052E-02     0.0000E+00     0.0000E+00
   135     3.1623E+06  3.0200E+06     4.6052E-02     0.0000E+00     0.0000E+00
   136     3.0200E+06  2.8840E+06     4.6052E-02     0.0000E+00     0.0000E+00
   137     2.8840E+06  2.7542E+06     4.6052E-02     0.0000E+00     0.0000E+00
   138     2.7542E+06  2.6303E+06     4.6052E-02     0.0000E+00     0.0000E+00
   139     2.6303E+06  2.5119E+06     4.6052E-02     0.0000E+00     0.0000E+00
   140     2.5119E+06  2.3988E+06     4.6051E-02     0.0000E+00     0.0000E+00
   141     2.3988E+06  2.2909E+06     4.6052E-02     0.0000E+00     0.0000E+00
   142     2.2909E+06  2.1878E+06     4.6052E-02     0.0000E+00     0.0000E+00
   143     2.1878E+06  2.0893E+06     4.6052E-02     0.0000E+00     0.0000E+00
   144     2.0893E+06  1.9953E+06     4.6052E-02     0.0000E+00     0.0000E+00
   145     1.9953E+06  1.9055E+06     4.6051E-02     0.0000E+00     0.0000E+00
   146     1.9055E+06  1.8197E+06     4.6052E-02     0.0000E+00     0.0000E+00
   147     1.8197E+06  1.7378E+06     4.6052E-02     0.0000E+00     0.0000E+00
   148     1.7378E+06  1.6596E+06     4.6052E-02     0.0000E+00     0.0000E+00
   149     1.6596E+06  1.5849E+06     4.6052E-02     0.0000E+00     0.0000E+00
   150     1.5849E+06  1.5136E+06     4.6052E-02     0.0000E+00     0.0000E+00
   151     1.5136E+06  1.4454E+06     4.6051E-02     0.0000E+00     0.0000E+00
   152     1.4454E+06  1.3804E+06     4.6052E-02     0.0000E+00     0.0000E+00
   153     1.3804E+06  1.3183E+06     4.6051E-02     0.0000E+00     0.0000E+00
   154     1.3183E+06  1.2589E+06     4.6052E-02     0.0000E+00     0.0000E+00
   155     1.2589E+06  1.2023E+06     4.6052E-02     0.0000E+00     0.0000E+00
   156     1.2023E+06  1.1482E+06     4.6051E-02     0.0000E+00     0.0000E+00
   157     1.1482E+06  1.0965E+06     4.6052E-02     0.0000E+00     0.0000E+00
   158     1.0965E+06  1.0471E+06     4.6051E-02     0.0000E+00     0.0000E+00
   159     1.0471E+06  1.0000E+06     4.6052E-02     0.0000E+00     0.0000E+00
   160     1.0000E+06  9.5499E+05     4.6052E-02     0.0000E+00     0.0000E+00
   161     9.5499E+05  9.1201E+05     4.6052E-02     0.0000E+00     0.0000E+00
   162     9.1201E+05  8.7096E+05     4.6052E-02     0.0000E+00     0.0000E+00
   163     8.7096E+05  8.3176E+05     4.6052E-02     0.0000E+00     0.0000E+00
   164     8.3176E+05  7.9433E+05     4.6052E-02     0.0000E+00     0.0000E+00
   165     7.9433E+05  7.5858E+05     4.6052E-02     0.0000E+00     0.0000E+00
   166     7.5858E+05  7.2444E+05     4.6052E-02     0.0000E+00     0.0000E+00
   167     7.2444E+05  6.9183E+05     4.6052E-02     0.0000E+00     0.0000E+00
   168     6.9183E+05  6.6069E+05     4.6052E-02     0.0000E+00     0.0000E+00
   169     6.6069E+05  6.3096E+05     4.6052E-02     0.0000E+00     0.0000E+00
   170     6.3096E+05  6.0256E+05     4.6052E-02     0.0000E+00     0.0000E+00
   171     6.0256E+05  5.7544E+05     4.6052E-02     0.0000E+00     0.0000E+00
   172     5.7544E+05  5.4954E+05     4.6052E-02     0.0000E+00     0.0000E+00
   173     5.4954E+05  5.2481E+05     4.6052E-02     0.0000E+00     0.0000E+00
   174     5.2481E+05  5.0119E+05     4.6052E-02     0.0000E+00     0.0000E+00
   175     5.0119E+05  4.7863E+05     4.6052E-02     0.0000E+00     0.0000E+00
   176     4.7863E+05  4.5709E+05     4.6052E-02     0.0000E+00     0.0000E+00
   177     4.5709E+05  4.3652E+05     4.6052E-02     0.0000E+00     0.0000E+00
   178     4.3652E+05  4.1687E+05     4.6052E-02     0.0000E+00     0.0000E+00
   179     4.1687E+05  3.9811E+05     4.6052E-02     0.0000E+00     0.0000E+00
   180     3.9811E+05  3.8019E+05     4.6052E-02     0.0000E+00     0.0000E+00
   181     3.8019E+05  3.6308E+05     4.6052E-02     0.0000E+00     0.0000E+00
   182     3.6308E+05  3.4674E+05     4.6052E-02     0.0000E+00     0.0000E+00
   183     3.4674E+05  3.3113E+05     4.6052E-02     0.0000E+00     0.0000E+00
   184     3.3113E+05  3.1623E+05     4.6051E-02     0.0000E+00     0.0000E+00
   185     3.1623E+05  3.0200E+05     4.6052E-02     0.0000E+00     0.0000E+00
   186     3.0200E+05  2.8840E+05     4.6052E-02     0.0000E+00     0.0000E+00
   187     2.8840E+05  2.7542E+05     4.6052E-02     0.0000E+00     0.0000E+00
   188     2.7542E+05  2.6303E+05     4.6052E-02     0.0000E+00     0.0000E+00
   189     2.6303E+05  2.5119E+05     4.6052E-02     0.0000E+00     0.0000E+00
   190     2.5119E+05  2.3988E+05     4.6051E-02     0.0000E+00     0.0000E+00
   191     2.3988E+05  2.2909E+05     4.6052E-02     0.0000E+00     0.0000E+00
   192     2.2909E+05  2.1878E+05     4.6052E-02     0.0000E+00     0.0000E+00
   193     2.1878E+05  2.0893E+05     4.6052E-02     0.0000E+00     0.0000E+00
   194     2.0893E+05  1.9953E+05     4.6052E-02     0.0000E+00     0.0000E+00
   195     1.9953E+05  1.9055E+05     4.6051E-02     0.0000E+00     0.0000E+00
   196     1.9055E+05  1.8197E+05     4.6052E-02     0.0000E+00     0.0000E+00
   197     1.8197E+05  1.7378E+05     4.6052E-02     0.0000E+00     0.0000E+00
   198     1.7378E+05  1.6596E+05     4.6052E-02     0.0000E+00     0.0000E+00
   199     1.6596E+05  1.5849E+05     4.6052E-02     0.0000E+00     0.0000E+00
   200     1.5849E+05  1.5136E+05     4.6052E-02     0.0000E+00     0.0000E+00
   201     1.5136E+05  1.4454E+05     4.6051E-02     0.0000E+00     0.0000E+00
   202     1.4454E+05  1.3804E+05     4.6052E-02     0.0000E+00     0.0000E+00
   203     1.3804E+05  1.3183E+05     4.6051E-02     0.0000E+00     0.0000E+00
   204     1.3183E+05  1.2589E+05     4.6052E-02     0.0000E+00     0.0000E+00
   205     1.2589E+05  1.2023E+05     4.6052E-02     0.0000E+00     0.0000E+00
   206     1.2023E+05  1.1482E+05     4.6051E-02     0.0000E+00     0.0000E+00
   207     1.1482E+05  1.0965E+05     4.6052E-02     0.0000E+00     0.0000E+00
   208     1.0965E+05  1.0471E+05     4.6051E-02     0.0000E+00     0.0000E+00
   209     1.0471E+05  1.0000E+05     4.6052E-02     0.0000E+00     0.0000E+00
   210     1.0000E+05  9.5499E+04     4.6052E-02     0.0000E+00     0.0000E+00
   211     9.5499E+04  9.1201E+04     4.6052E-02     0.0000E+00     0.0000E+00
   212     9.1201E+04  8.7096E+04     4.6052E-02     0.0000E+00     0.0000E+00
   213     8.7096E+04  8.3176E+04     4.6052E-02     0.0000E+00     0.0000E+00
   214     8.3176E+04  7.9433E+04     4.6052E-02     0.0000E+00     0.0000E+00
   215     7.9433E+04  7.5858E+04     4.6052E-02     0.0000E+00     0.0000E+00
   216     7.5858E+04  7.2444E+04     4.6052E-02     0.0000E+00     0.0000E+00
   217     7.2444E+04  6.9183E+04     4.6052E-02     0.0000E+00     0.0000E+00
   218     6.9183E+04  6.6069E+04     4.6052E-02     0.0000E+00     0.0000E+00
   219     6.6069E+04  6.3096E+04     4.6052E-02     0.0000E+00     0.0000E+00
   220     6.3096E+04  6.0256E+04     4.6052E-02     0.0000E+00     0.0000E+00
   221     6.0256E+04  5.7544E+04     4.6052E-02     0.0000E+00     0.0000E+00
   222     5.7544E+04  5.4954E+04     4.6052E-02     0.0000E+00     0.0000E+00
   223     5.4954E+04  5.2481E+04     4.6052E-02     0.0000E+00     0.0000E+00
   224     5.2481E+04  5.0119E+04     4.6052E-02     0.0000E+00     0.0000E+00
   225     5.0119E+04  4.7863E+04     4.6052E-02     0.0000E+00     0.0000E+00
   226     4.7863E+04  4.5709E+04     4.6052E-02     0.0000E+00     0.0000E+00
   227     4.5709E+04  4.3652E+04     4.6052E-02     0.0000E+00     0.0000E+00
   228     4.3652E+04  4.1687E+04     4.6052E-02     0.0000E+00     0.0000E+00
   229     4.1687E+04  3.9811E+04     4.6052E-02     0.0000E+00     0.0000E+00
   230     3.9811E+04  3.8019E+04     4.6052E-02     0.0000E+00     0.0000E+00
   231     3.8019E+04  3.6308E+04     4.6052E-02     0.0000E+00     0.0000E+00
   232     3.6308E+04  3.4674E+04     4.6052E-02     0.0000E+00     0.0000E+00
   233     3.4674E+04  3.3113E+04     4.6052E-02     0.0000E+00     0.0000E+00
   234     3.3113E+04  3.1623E+04     4.6052E-02     0.0000E+00     0.0000E+00
   235     3.1623E+04  3.0200E+04     4.6052E-02     0.0000E+00     0.0000E+00
   236     3.0200E+04  2.8840E+04     4.6052E-02     0.0000E+00     0.0000E+00
   237     2.8840E+04  2.7542E+04     4.6052E-02     0.0000E+00     0.0000E+00
   238     2.7542E+04  2.6303E+04     4.6052E-02     0.0000E+00     0.0000E+00
   239     2.6303E+04  2.5119E+04     4.6052E-02     0.0000E+00     0.0000E+00
   240     2.5119E+04  2.3988E+04     4.6051E-02     0.0000E+00     0.0000E+00
   241     2.3988E+04  2.2909E+04     4.6052E-02     0.0000E+00     0.0000E+00
   242     2.2909E+04  2.1878E+04     4.6052E-02     0.0000E+00     0.0000E+00
   243     2.1878E+04  2.0893E+04     4.6052E-02     0.0000E+00     0.0000E+00
   244     2.0893E+04  1.9953E+04     4.6052E-02     0.0000E+00     0.0000E+00
   245     1.9953E+04  1.9055E+04     4.6051E-02     0.0000E+00     0.0000E+00
   246     1.9055E+04  1.8197E+04     4.6052E-02     0.0000E+00     0.0000E+00
   247     1.8197E+04  1.7378E+04     4.6052E-02     0.0000E+00     0.0000E+00
   248     1.7378E+04  1.6596E+04     4.6052E-02     0.0000E+00     0.0000E+00
   249     1.6596E+04  1.5849E+04     4.6052E-02     0.0000E+00     0.0000E+00
   250     1.5849E+04  1.5136E+04     4.6052E-02     0.0000E+00     0.0000E+00
   251     1.5136E+04  1.4454E+04     4.6051E-02     0.0000E+00     0.0000E+00
   252     1.4454E+04  1.3804E+04     4.6052E-02     0.0000E+00     0.0000E+00
   253     1.3804E+04  1.3183E+04     4.6051E-02     0.0000E+00     0.0000E+00
   254     1.3183E+04  1.2589E+04     4.6052E-02     0.0000E+00     0.0000E+00
   255     1.2589E+04  1.2023E+04     4.6052E-02     0.0000E+00     0.0000E+00
   256     1.2023E+04  1.1482E+04     4.6051E-02     0.0000E+00     0.0000E+00
   257     1.1482E+04  1.0965E+04     4.6052E-02     0.0000E+00     0.0000E+00
   258     1.0965E+04  1.0471E+04     4.6051E-02     0.0000E+00     0.0000E+00
   259     1.0471E+04  1.0000E+04     4.6052E-02     0.0000E+00     0.0000E+00
   260     1.0000E+04  9.5499E+03     4.6052E-02     0.0000E+00     0.0000E+00
   261     9.5499E+03  9.1201E+03     4.6052E-02     0.0000E+00     0.0000E+00
   262     9.1201E+03  8.7096E+03     4.6052E-02     0.0000E+00     0.0000E+00
   263     8.7096E+03  8.3176E+03     4.6052E-02     0.0000E+00     0.0000E+00
   264     8.3176E+03  7.9433E+03     4.6052E-02     0.0000E+00     0.0000E+00
   265     7.9433E+03  7.5858E+03     4.6052E-02     0.0000E+00     0.0000E+00
   266     7.5858E+03  7.2444E+03     4.6052E-02     0.0000E+00     0.0000E+00
   267     7.2444E+03  6.9183E+03     4.6052E-02     0.0000E+00     0.0000E+00
   268     6.9183E+03  6.6069E+03     4.6052E-02     0.0000E+00     0.0000E+00
   269     6.6069E+03  6.3096E+03     4.6052E-02     0.0000E+00     0.0000E+00
   270     6.3096E+03  6.0256E+03     4.6052E-02     0.0000E+00     0.0000E+00
   271     6.0256E+03  5.7544E+03     4.6052E-02     0.0000E+00     0.0000E+00
   272     5.7544E+03  5.4954E+03     4.6052E-02     0.0000E+00     0.0000E+00
   273     5.4954E+03  5.2481E+03     4.6052E-02     0.0000E+00     0.0000E+00
   274     5.2481E+03  5.0119E+03     4.6052E-02     0.0000E+00     0.0000E+00
   275     5.0119E+03  4.7863E+03     4.6052E-02     0.0000E+00     0.0000E+00
   276     4.7863E+03  4.5709E+03     4.6052E-02     0.0000E+00     0.0000E+00
   277     4.5709E+03  4.3652E+03     4.6052E-02     0.0000E+00     0.0000E+00
   278     4.3652E+03  4.1687E+03     4.6052E-02     0.0000E+00     0.0000E+00
   279     4.1687E+03  3.9811E+03     4.6052E-02     0.0000E+00     0.0000E+00
   280     3.9811E+03  3.8019E+03     4.6052E-02     0.0000E+00     0.0000E+00
   281     3.8019E+03  3.6308E+03     4.6052E-02     0.0000E+00     0.0000E+00
   282     3.6308E+03  3.4674E+03     4.6052E-02     0.0000E+00     0.0000E+00
   283     3.4674E+03  3.3113E+03     4.6052E-02     0.0000E+00     0.0000E+00
   284     3.3113E+03  3.1623E+03     4.6052E-02     0.0000E+00     0.0000E+00
   285     3.1623E+03  3.0200E+03     4.6052E-02     0.0000E+00     0.0000E+00
   286     3.0200E+03  2.8840E+03     4.6052E-02     0.0000E+00     0.0000E+00
   287     2.8840E+03  2.7542E+03     4.6052E-02     0.0000E+00     0.0000E+00
   288     2.7542E+03  2.6303E+03     4.6052E-02     0.0000E+00     0.0000E+00
   289     2.6303E+03  2.5119E+03     4.6052E-02     0.0000E+00     0.0000E+00
   290     2.5119E+03  2.3988E+03     4.6051E-02     0.0000E+00     0.0000E+00
   291     2.3988E+03  2.2909E+03     4.6052E-02     0.0000E+00     0.0000E+00
   292     2.2909E+03  2.1878E+03     4.6052E-02     0.0000E+00     0.0000E+00
   293     2.1878E+03  2.0893E+03     4.6052E-02     0.0000E+00     0.0000E+00
   294     2.0893E+03  1.9953E+03     4.6052E-02     0.0000E+00     0.0000E+00
   295     1.9953E+03  1.9055E+03     4.6051E-02     0.0000E+00     0.0000E+00
   296     1.9055E+03  1.8197E+03     4.6052E-02     0.0000E+00     0.0000E+00
   297     1.8197E+03  1.7378E+03     4.6052E-02     0.0000E+00     0.0000E+00
   298     1.7378E+03  1.6596E+03     4.6052E-02     0.0000E+00     0.0000E+00
   299     1.6596E+03  1.5849E+03     4.6052E-02     0.0000E+00     0.0000E+00
   300     1.5849E+03  1.5136E+03     4.6052E-02     0.0000E+00     0.0000E+00
   301     1.5136E+03  1.4454E+03     4.6051E-02     0.0000E+00     0.0000E+00
   302     1.4454E+03  1.3804E+03     4.6052E-02     0.0000E+00     0.0000E+00
   303     1.3804E+03  1.3183E+03     4.6051E-02     0.0000E+00     0.0000E+00
   304     1.3183E+03  1.2589E+03     4.6052E-02     0.0000E+00     0.0000E+00
   305     1.2589E+03  1.2023E+03     4.6052E-02     0.0000E+00     0.0000E+00
   306     1.2023E+03  1.1482E+03     4.6051E-02     0.0000E+00     0.0000E+00
   307     1.1482E+03  1.0965E+03     4.6052E-02     0.0000E+00     0.0000E+00
   308     1.0965E+03  1.0471E+03     4.6051E-02     0.0000E+00     0.0000E+00
   309     1.0471E+03  1.0000E+03     4.6052E-02     0.0000E+00     0.0000E+00
   310     1.0000E+03  9.5499E+02     4.6052E-02     0.0000E+00     0.0000E+00
   311     9.5499E+02  9.1201E+02     4.6052E-02     0.0000E+00     0.0000E+00
   312     9.1201E+02  8.7096E+02     4.6052E-02     0.0000E+00     0.0000E+00
   313     8.7096E+02  8.3176E+02     4.6052E-02     0.0000E+00     0.0000E+00
   314     8.3176E+02  7.9433E+02     4.6052E-02     0.0000E+00     0.0000E+00
   315     7.9433E+02  7.5858E+02     4.6052E-02     0.0000E+00     0.0000E+00
   316     7.5858E+02  7.2444E+02     4.6052E-02     0.0000E+00     0.0000E+00
   317     7.2444E+02  6.9183E+02     4.6052E-02     0.0000E+00     0.0000E+00
   318     6.9183E+02  6.6069E+02     4.6052E-02     0.0000E+00     0.0000E+00
   319     6.6069E+02  6.3096E+02     4.6052E-02     0.0000E+00     0.0000E+00
   320     6.3096E+02  6.0256E+02     4.6052E-02     0.0000E+00     0.0000E+00
   321     6.0256E+02  5.7544E+02     4.6052E-02     0.0000E+00     0.0000E+00
   322     5.7544E+02  5.4954E+02     4.6052E-02     0.0000E+00     0.0000E+00
   323     5.4954E+02  5.2481E+02     4.6052E-02     0.0000E+00     0.0000E+00
   324     5.2481E+02  5.0119E+02     4.6052E-02     0.0000E+00     0.0000E+00
   325     5.0119E+02  4.7863E+02     4.6052E-02     0.0000E+00     0.0000E+00
   326     4.7863E+02  4.5709E+02     4.6052E-02     0.0000E+00     0.0000E+00
   327     4.5709E+02  4.3652E+02     4.6052E-02     0.0000E+00     0.0000E+00
   328     4.3652E+02  4.1687E+02     4.6052E-02     0.0000E+00     0.0000E+00
   329     4.1687E+02  3.9811E+02     4.6052E-02     0.0000E+00     0.0000E+00
   330     3.9811E+02  3.8019E+02     4.6052E-02     0.0000E+00     0.0000E+00
   331     3.8019E+02  3.6308E+02     4.6052E-02     0.0000E+00     0.0000E+00
   332     3.6308E+02  3.4674E+02     4.6052E-02     0.0000E+00     0.0000E+00
   333     3.4674E+02  3.3113E+02     4.6052E-02     0.0000E+00     0.0000E+00
   334     3.3113E+02  3.1623E+02     4.6051E-02     0.0000E+00     0.0000E+00
   335     3.1623E+02  3.0200E+02     4.6052E-02     0.0000E+00     0.0000E+00
   336     3.0200E+02  2.8840E+02     4.6052E-02     0.0000E+00     0.0000E+00
   337     2.8840E+02  2.7542E+02     4.6052E-02     0.0000E+00     0.0000E+00
   338     2.7542E+02  2.6303E+02     4.6052E-02     0.0000E+00     0.0000E+00
   339     2.6303E+02  2.5119E+02     4.6052E-02     0.0000E+00     0.0000E+00
   340     2.5119E+02  2.3988E+02     4.6051E-02     0.0000E+00     0.0000E+00
   341     2.3988E+02  2.2909E+02     4.6052E-02     0.0000E+00     0.0000E+00
   342     2.2909E+02  2.1878E+02     4.6052E-02     0.0000E+00     0.0000E+00
   343     2.1878E+02  2.0893E+02     4.6052E-02     0.0000E+00     0.0000E+00
   344     2.0893E+02  1.9953E+02     4.6052E-02     0.0000E+00     0.0000E+00
   345     1.9953E+02  1.9055E+02     4.6051E-02     0.0000E+00     0.0000E+00
   346     1.9055E+02  1.8197E+02     4.6052E-02     0.0000E+00     0.0000E+00
   347     1.8197E+02  1.7378E+02     4.6052E-02     0.0000E+00     0.0000E+00
   348     1.7378E+02  1.6596E+02     4.6052E-02     0.0000E+00     0.0000E+00
   349     1.6596E+02  1.5849E+02     4.6052E-02     0.0000E+00     0.0000E+00
   350     1.5849E+02  1.5136E+02     4.6052E-02     0.0000E+00     0.0000E+00
   351     1.5136E+02  1.4454E+02     4.6051E-02     0.0000E+00     0.0000E+00
   352     1.4454E+02  1.3804E+02     4.6052E-02     0.0000E+00     0.0000E+00
   353     1.3804E+02  1.3183E+02     4.6051E-02     0.0000E+00     0.0000E+00
   354     1.3183E+02  1.2589E+02     4.6052E-02     0.0000E+00     0.0000E+00
   355     1.2589E+02  1.2023E+02     4.6052E-02     0.0000E+00     0.0000E+00
   356     1.2023E+02  1.1482E+02     4.6051E-02     0.0000E+00     0.0000E+00
   357     1.1482E+02  1.0965E+02     4.6052E-02     0.0000E+00     0.0000E+00
   358     1.0965E+02  1.0471E+02     4.6051E-02     0.0000E+00     0.0000E+00
   359     1.0471E+02  1.0000E+02     4.6052E-02     0.0000E+00     0.0000E+00
   360     1.0000E+02  9.5499E+01     4.6052E-02     0.0000E+00     0.0000E+00
   361     9.5499E+01  9.1201E+01     4.6052E-02     0.0000E+00     0.0000E+00
   362     9.1201E+01  8.7096E+01     4.6052E-02     0.0000E+00     0.0000E+00
   363     8.7096E+01  8.3176E+01     4.6052E-02     0.0000E+00     0.0000E+00
   364     8.3176E+01  7.9433E+01     4.6052E-02     0.0000E+00     0.0000E+00
   365     7.9433E+01  7.5858E+01     4.6052E-02     0.0000E+00     0.0000E+00
   366     7.5858E+01  7.2444E+01     4.6052E-02     0.0000E+00     0.0000E+00
   367     7.2444E+01  6.9183E+01     4.6052E-02     0.0000E+00     0.0000E+00
   368     6.9183E+01  6.6069E+01     4.6052E-02     0.0000E+00     0.0000E+00
   369     6.6069E+01  6.3096E+01     4.6052E-02     0.0000E+00     0.0000E+00
   370     6.3096E+01  6.0256E+01     4.6052E-02     0.0000E+00     0.0000E+00
   371     6.0256E+01  5.7544E+01     4.6052E-02     0.0000E+00     0.0000E+00
   372     5.7544E+01  5.4954E+01     4.6052E-02     0.0000E+00     0.0000E+00
   373     5.4954E+01  5.2481E+01     4.6052E-02     0.0000E+00     0.0000E+00
   374     5.2481E+01  5.0119E+01     4.6052E-02     0.0000E+00     0.0000E+00
   375     5.0119E+01  4.7863E+01     4.6052E-02     0.0000E+00     0.0000E+00
   376     4.7863E+01  4.5709E+01     4.6052E-02     0.0000E+00     0.0000E+00
   377     4.5709E+01  4.3652E+01     4.6052E-02     0.0000E+00     0.0000E+00
   378     4.3652E+01  4.1687E+01     4.6052E-02     0.0000E+00     0.0000E+00
   379     4.1687E+01  3.9811E+01     4.6052E-02     0.0000E+00     0.0000E+00
   380     3.9811E+01  3.8019E+01     4.6052E-02     0.0000E+00     0.0000E+00
   381     3.8019E+01  3.6308E+01     4.6052E-02     0.0000E+00     0.0000E+00
   382     3.6308E+01  3.4674E+01     4.6052E-02     0.0000E+00     0.0000E+00
   383     3.4674E+01  3.3113E+01     4.6052E-02     0.0000E+00     0.0000E+00
   384     3.3113E+01  3.1623E+01     4.6052E-02     0.0000E+00     0.0000E+00
   385     3.1623E+01  3.0200E+01     4.6052E-02     0.0000E+00     0.0000E+00
   386     3.0200E+01  2.8840E+01     4.6052E-02     0.0000E+00     0.0000E+00
   387     2.8840E+01  2.7542E+01     4.6052E-02     0.0000E+00     0.0000E+00
   388     2.7542E+01  2.6303E+01     4.6052E-02     0.0000E+00     0.0000E+00
   389     2.6303E+01  2.5119E+01     4.6052E-02     0.0000E+00     0.0000E+00
   390     2.5119E+01  2.3988E+01     4.6051E-02     0.0000E+00     0.0000E+00
   391     2.3988E+01  2.2909E+01     4.6052E-02     0.0000E+00     0.0000E+00
   392     2.2909E+01  2.1878E+01     4.6052E-02     0.0000E+00     0.0000E+00
   393     2.1878E+01  2.0893E+01     4.6052E-02     0.0000E+00     0.0000E+00
   394     2.0893E+01  1.9953E+01     4.6052E-02     0.0000E+00     0.0000E+00
   395     1.9953E+01  1.9055E+01     4.6051E-02     0.0000E+00     0.0000E+00
   396     1.9055E+01  1.8197E+01     4.6052E-02     0.0000E+00     0.0000E+00
   397     1.8197E+01  1.7378E+01     4.6052E-02     0.0000E+00     0.0000E+00
   398     1.7378E+01  1.6596E+01     4.6052E-02     0.0000E+00     0.0000E+00
   399     1.6596E+01  1.5849E+01     4.6052E-02     0.0000E+00     0.0000E+00
   400     1.5849E+01  1.5136E+01     4.6052E-02     0.0000E+00     0.0000E+00
   401     1.5136E+01  1.4454E+01     4.6051E-02     0.0000E+00     0.0000E+00
   402     1.4454E+01  1.3804E+01     4.6052E-02     0.0000E+00     0.0000E+00
   403     1.3804E+01  1.3183E+01     4.6051E-02     0.0000E+00     0.0000E+00
   404     1.3183E+01  1.2589E+01     4.6052E-02     0.0000E+00     0.0000E+00
   405     1.2589E+01  1.2023E+01     4.6052E-02     0.0000E+00     0.0000E+00
   406     1.2023E+01  1.1482E+01     4.6051E-02     0.0000E+00     0.0000E+00
   407     1.1482E+01  1.0965E+01     4.6052E-02     0.0000E+00     0.0000E+00
   408     1.0965E+01  1.0471E+01     4.6051E-02     0.0000E+00     0.0000E+00
   409     1.0471E+01  1.0000E+01     4.6052E-02     0.0000E+00     0.0000E+00
   410     1.0000E+01  9.5499E+00     4.6052E-02     0.0000E+00     0.0000E+00
   411     9.5499E+00  9.1201E+00     4.6052E-02     0.0000E+00     0.0000E+00
   412     9.1201E+00  8.7096E+00     4.6052E-02     0.0000E+00     0.0000E+00
   413     8.7096E+00  8.3176E+00     4.6052E-02     0.0000E+00     0.0000E+00
   414     8.3176E+00  7.9433E+00     4.6052E-02     0.0000E+00     0.0000E+00
   415     7.9433E+00  7.5858E+00     4.6052E-02     0.0000E+00     0.0000E+00
   416     7.5858E+00  7.2444E+00     4.6052E-02     0.0000E+00     0.0000E+00
   417     7.2444E+00  6.9183E+00     4.6052E-02     0.0000E+00     0.0000E+00
   418     6.9183E+00  6.6069E+00     4.6052E-02     0.0000E+00     0.0000E+00
   419     6.6069E+00  6.3096E+00     4.6052E-02     0.0000E+00     0.0000E+00
   420     6.3096E+00  6.0256E+00     4.6052E-02     0.0000E+00     0.0000E+00
   421     6.0256E+00  5.7544E+00     4.6052E-02     0.0000E+00     0.0000E+00
   422     5.7544E+00  5.4954E+00     4.6052E-02     0.0000E+00     0.0000E+00
   423     5.4954E+00  5.2481E+00     4.6052E-02     0.0000E+00     0.0000E+00
   424     5.2481E+00  5.0119E+00     4.6052E-02     0.0000E+00     0.0000E+00
   425     5.0119E+00  4.7863E+00     4.6052E-02     0.0000E+00     0.0000E+00
   426     4.7863E+00  4.5709E+00     4.6052E-02     0.0000E+00     0.0000E+00
   427     4.5709E+00  4.3652E+00     4.6052E-02     0.0000E+00     0.0000E+00
   428     4.3652E+00  4.1687E+00     4.6052E-02     0.0000E+00     0.0000E+00
   429     4.1687E+00  3.9811E+00     4.6052E-02     0.0000E+00     0.0000E+00
   430     3.9811E+00  3.8019E+00     4.6052E-02     0.0000E+00     0.0000E+00
   431     3.8019E+00  3.6308E+00     4.6052E-02     0.0000E+00     0.0000E+00
   432     3.6308E+00  3.4674E+00     4.6052E-02     0.0000E+00     0.0000E+00
   433     3.4674E+00  3.3113E+00     4.6052E-02     0.0000E+00     0.0000E+00
   434     3.3113E+00  3.1623E+00     4.6052E-02     0.0000E+00     0.0000E+00
   435     3.1623E+00  3.0200E+00     4.6052E-02     0.0000E+00     0.0000E+00
   436     3.0200E+00  2.8840E+00     4.6052E-02     0.0000E+00     0.0000E+00
   437     2.8840E+00  2.7542E+00     4.6052E-02     0.0000E+00     0.0000E+00
   438     2.7542E+00  2.6303E+00     4.6052E-02     0.0000E+00     0.0000E+00
   439     2.6303E+00  2.5119E+00     4.6052E-02     0.0000E+00     0.0000E+00
   440     2.5119E+00  2.3988E+00     4.6051E-02     0.0000E+00     0.0000E+00
   441     2.3988E+00  2.2909E+00     4.6052E-02     0.0000E+00     0.0000E+00
   442     2.2909E+00  2.1878E+00     4.6052E-02     0.0000E+00     0.0000E+00
   443     2.1878E+00  2.0893E+00     4.6052E-02     0.0000E+00     0.0000E+00
   444     2.0893E+00  1.9953E+00     4.6052E-02     0.0000E+00     0.0000E+00
   445     1.9953E+00  1.9055E+00     4.6051E-02     0.0000E+00     0.0000E+00
   446     1.9055E+00  1.8197E+00     4.6052E-02     0.0000E+00     0.0000E+00
   447     1.8197E+00  1.7378E+00     4.6052E-02     0.0000E+00     0.0000E+00
   448     1.7378E+00  1.6596E+00     4.6052E-02     0.0000E+00     0.0000E+00
   449     1.6596E+00  1.5849E+00     4.6052E-02     0.0000E+00     0.0000E+00
   450     1.5849E+00  1.5136E+00     4.6052E-02     0.0000E+00     0.0000E+00
   451     1.5136E+00  1.4454E+00     4.6051E-02     0.0000E+00     0.0000E+00
   452     1.4454E+00  1.3804E+00     4.6052E-02     0.0000E+00     0.0000E+00
   453     1.3804E+00  1.3183E+00     4.6051E-02     0.0000E+00     0.0000E+00
   454     1.3183E+00  1.2589E+00     4.6052E-02     0.0000E+00     0.0000E+00
   455     1.2589E+00  1.2023E+00     4.6052E-02     0.0000E+00     0.0000E+00
   456     1.2023E+00  1.1482E+00     4.6051E-02     0.0000E+00     0.0000E+00
   457     1.1482E+00  1.0965E+00     4.6052E-02     0.0000E+00     0.0000E+00
   458     1.0965E+00  1.0471E+00     4.6051E-02     0.0000E+00     0.0000E+00
   459     1.0471E+00  1.0000E+00     4.6052E-02     0.0000E+00     0.0000E+00
   460     1.0000E+00  9.5499E-01     4.6052E-02     0.0000E+00     0.0000E+00
   461     9.5499E-01  9.1201E-01     4.6052E-02     0.0000E+00     0.0000E+00
   462     9.1201E-01  8.7096E-01     4.6052E-02     0.0000E+00     0.0000E+00
   463     8.7096E-01  8.3176E-01     4.6052E-02     0.0000E+00     0.0000E+00
   464     8.3176E-01  7.9433E-01     4.6052E-02     0.0000E+00     0.0000E+00
   465     7.9433E-01  7.5858E-01     4.6052E-02     0.0000E+00     0.0000E+00
   466     7.5858E-01  7.2444E-01     4.6052E-02     0.0000E+00     0.0000E+00
   467     7.2444E-01  6.9183E-01     4.6052E-02     0.0000E+00     0.0000E+00
   468     6.9183E-01  6.6069E-01     4.6052E-02     0.0000E+00     0.0000E+00
   469     6.6069E-01  6.3096E-01     4.6052E-02     0.0000E+00     0.0000E+00
   470     6.3096E-01  6.0256E-01     4.6052E-02     0.0000E+00     0.0000E+00
   471     6.0256E-01  5.7544E-01     4.6052E-02     0.0000E+00     0.0000E+00
   472     5.7544E-01  5.4954E-01     4.6052E-02     0.0000E+00     0.0000E+00
   473     5.4954E-01  5.2481E-01     4.6052E-02     0.0000E+00     0.0000E+00
   474     5.2481E-01  5.0119E-01     4.6052E-02     0.0000E+00     0.0000E+00
   475     5.0119E-01  4.7863E-01     4.6052E-02     0.0000E+00     0.0000E+00
   476     4.7863E-01  4.5709E-01     4.6052E-02     0.0000E+00     0.0000E+00
   477     4.5709E-01  4.3652E-01     4.6052E-02     0.0000E+00     0.0000E+00
   478     4.3652E-01  4.1687E-01     4.6052E-02     0.0000E+00     0.0000E+00
   479     4.1687E-01  3.9811E-01     4.6052E-02     0.0000E+00     0.0000E+00
   480     3.9811E-01  3.8019E-01     4.6052E-02     0.0000E+00     0.0000E+00
   481     3.8019E-01  3.6308E-01     4.6052E-02     0.0000E+00     0.0000E+00
   482     3.6308E-01  3.4674E-01     4.6052E-02     0.0000E+00     0.0000E+00
   483     3.4674E-01  3.3113E-01     4.6052E-02     0.0000E+00     0.0000E+00
   484     3.3113E-01  3.1623E-01     4.6052E-02     0.0000E+00     0.0000E+00
   485     3.1623E-01  3.0200E-01     4.6052E-02     0.0000E+00     0.0000E+00
   486     3.0200E-01  2.8840E-01     4.6052E-02     0.0000E+00     0.0000E+00
   487     2.8840E-01  2.7542E-01     4.6052E-02     0.0000E+00     0.0000E+00
   488     2.7542E-01  2.6303E-01     4.6052E-02     0.0000E+00     0.0000E+00
   489     2.6303E-01  2.5119E-01     4.6052E-02     0.0000E+00     0.0000E+00
   490     2.5119E-01  2.3988E-01     4.6052E-02     0.0000E+00     0.0000E+00
   491     2.3988E-01  2.2909E-01     4.6052E-02     0.0000E+00     0.0000E+00
   492     2.2909E-01  2.1878E-01     4.6052E-02     0.0000E+00     0.0000E+00
   493     2.1878E-01  2.0893E-01     4.6052E-02     0.0000E+00     0.0000E+00
   494     2.0893E-01  1.9953E-01     4.6052E-02     0.0000E+00     0.0000E+00
   495     1.9953E-01  1.9055E-01     4.6051E-02     0.0000E+00     0.0000E+00
   496     1.9055E-01  1.8197E-01     4.6052E-02     0.0000E+00     0.0000E+00
   497     1.8197E-01  1.7378E-01     4.6052E-02     0.0000E+00     0.0000E+00
   498     1.7378E-01  1.6596E-01     4.6052E-02     0.0000E+00     0.0000E+00
   499     1.6596E-01  1.5849E-01     4.6052E-02     0.0000E+00     0.0000E+00
   500     1.5849E-01  1.5136E-01     4.6052E-02     0.0000E+00     0.0000E+00
   501     1.5136E-01  1.4454E-01     4.6051E-02     0.0000E+00     0.0000E+00
   502     1.4454E-01  1.3804E-01     4.6052E-02     0.0000E+00     0.0000E+00
   503     1.3804E-01  1.3183E-01     4.6051E-02     0.0000E+00     0.0000E+00
   504     1.3183E-01  1.2589E-01     4.6052E-02     0.0000E+00     0.0000E+00
   505     1.2589E-01  1.2023E-01     4.6052E-02     0.0000E+00     0.0000E+00
   506     1.2023E-01  1.1482E-01     4.6051E-02     0.0000E+00     0.0000E+00
   507     1.1482E-01  1.0965E-01     4.6052E-02     0.0000E+00     0.0000E+00
   508     1.0965E-01  1.0471E-01     4.6051E-02     0.0000E+00     0.0000E+00
   509     1.0471E-01  1.0000E-01     4.6052E-02     0.0000E+00     0.0000E+00
   510     1.0000E-01  9.5499E-02     4.6052E-02     0.0000E+00     0.0000E+00
   511     9.5499E-02  9.1201E-02     4.6052E-02     0.0000E+00     0.0000E+00
   512     9.1201E-02  8.7096E-02     4.6052E-02     0.0000E+00     0.0000E+00
   513     8.7096E-02  8.3176E-02     4.6052E-02     0.0000E+00     0.0000E+00
   514     8.3176E-02  7.9433E-02     4.6052E-02     0.0000E+00     0.0000E+00
   515     7.9433E-02  7.5858E-02     4.6052E-02     0.0000E+00     0.0000E+00
   516     7.5858E-02  7.2444E-02     4.6052E-02     0.0000E+00     0.0000E+00
   517     7.2444E-02  6.9183E-02     4.6052E-02     0.0000E+00     0.0000E+00
   518     6.9183E-02  6.6069E-02     4.6052E-02     0.0000E+00     0.0000E+00
   519     6.6069E-02  6.3096E-02     4.6052E-02     0.0000E+00     0.0000E+00
   520     6.3096E-02  6.0256E-02     4.6052E-02     0.0000E+00     0.0000E+00
   521     6.0256E-02  5.7544E-02     4.6052E-02     0.0000E+00     0.0000E+00
   522     5.7544E-02  5.4954E-02     4.6052E-02     0.0000E+00     0.0000E+00
   523     5.4954E-02  5.2481E-02     4.6052E-02     0.0000E+00     0.0000E+00
   524     5.2481E-02  5.0119E-02     4.6052E-02     0.0000E+00     0.0000E+00
   525     5.0119E-02  4.7863E-02     4.6052E-02     0.0000E+00     0.0000E+00
   526     4.7863E-02  4.5709E-02     4.6052E-02     0.0000E+00     0.0000E+00
   527     4.5709E-02  4.3652E-02     4.6052E-02     0.0000E+00     0.0000E+00
   528     4.3652E-02  4.1687E-02     4.6052E-02     0.0000E+00     0.0000E+00
   529     4.1687E-02  3.9811E-02     4.6052E-02     0.0000E+00     0.0000E+00
   530     3.9811E-02  3.8019E-02     4.6052E-02     0.0000E+00     0.0000E+00
   531     3.8019E-02  3.6308E-02     4.6051E-02     0.0000E+00     0.0000E+00
   532     3.6308E-02  3.4674E-02     4.6052E-02     0.0000E+00     0.0000E+00
   533     3.4674E-02  3.3113E-02     4.6052E-02     0.0000E+00     0.0000E+00
   534     3.3113E-02  3.1623E-02     4.6052E-02     0.0000E+00     0.0000E+00
   535     3.1623E-02  3.0200E-02     4.6052E-02     0.0000E+00     0.0000E+00
   536     3.0200E-02  2.8840E-02     4.6052E-02     0.0000E+00     0.0000E+00
   537     2.8840E-02  2.7542E-02     4.6052E-02     0.0000E+00     0.0000E+00
   538     2.7542E-02  2.6303E-02     4.6052E-02     0.0000E+00     0.0000E+00
   539     2.6303E-02  2.5119E-02     4.6052E-02     0.0000E+00     0.0000E+00
   540     2.5119E-02  2.3988E-02     4.6051E-02     0.0000E+00     0.0000E+00
   541     2.3988E-02  2.2909E-02     4.6052E-02     0.0000E+00     0.0000E+00
   542     2.2909E-02  2.1878E-02     4.6052E-02     0.0000E+00     0.0000E+00
   543     2.1878E-02  2.0893E-02     4.6052E-02     0.0000E+00     0.0000E+00
   544     2.0893E-02  1.9953E-02     4.6052E-02     0.0000E+00     0.0000E+00
   545     1.9953E-02  1.9055E-02     4.6051E-02     0.0000E+00     0.0000E+00
   546     1.9055E-02  1.8197E-02     4.6052E-02     0.0000E+00     0.0000E+00
   547     1.8197E-02  1.7378E-02     4.6052E-02     0.0000E+00     0.0000E+00
   548     1.7378E-02  1.6596E-02     4.6052E-02     0.0000E+00     0.0000E+00
   549     1.6596E-02  1.5849E-02     4.6052E-02     0.0000E+00     0.0000E+00
   550     1.5849E-02  1.5136E-02     4.6052E-02     0.0000E+00     0.0000E+00
   551     1.5136E-02  1.4454E-02     4.6051E-02     0.0000E+00     0.0000E+00
   552     1.4454E-02  1.3804E-02     4.6052E-02     0.0000E+00     0.0000E+00
   553     1.3804E-02  1.3183E-02     4.6051E-02     0.0000E+00     0.0000E+00
   554     1.3183E-02  1.2589E-02     4.6052E-02     0.0000E+00     0.0000E+00
   555     1.2589E-02  1.2023E-02     4.6052E-02     0.0000E+00     0.0000E+00
   556     1.2023E-02  1.1482E-02     4.6051E-02     0.0000E+00     0.0000E+00
   557     1.1482E-02  1.0965E-02     4.6052E-02     0.0000E+00     0.0000E+00
   558     1.0965E-02  1.0471E-02     4.6051E-02     0.0000E+00     0.0000E+00
   559     1.0471E-02  1.0000E-02     4.6052E-02     0.0000E+00     0.0000E+00
   560     1.0000E-02  9.5499E-03     4.6052E-02     0.0000E+00     0.0000E+00
   561     9.5499E-03  9.1201E-03     4.6052E-02     0.0000E+00     0.0000E+00
   562     9.1201E-03  8.7096E-03     4.6052E-02     0.0000E+00     0.0000E+00
   563     8.7096E-03  8.3176E-03     4.6052E-02     0.0000E+00     0.0000E+00
   564     8.3176E-03  7.9433E-03     4.6052E-02     0.0000E+00     0.0000E+00
   565     7.9433E-03  7.5858E-03     4.6052E-02     0.0000E+00     0.0000E+00
   566     7.5858E-03  7.2444E-03     4.6052E-02     0.0000E+00     0.0000E+00
   567     7.2444E-03  6.9183E-03     4.6052E-02     0.0000E+00     0.0000E+00
   568     6.9183E-03  6.6069E-03     4.6052E-02     0.0000E+00     0.0000E+00
   569     6.6069E-03  6.3096E-03     4.6052E-02     0.0000E+00     0.0000E+00
   570     6.3096E-03  6.0256E-03     4.6052E-02     0.0000E+00     0.0000E+00
   571     6.0256E-03  5.7544E-03     4.6052E-02     0.0000E+00     0.0000E+00
   572     5.7544E-03  5.4954E-03     4.6052E-02     0.0000E+00     0.0000E+00
   573     5.4954E-03  5.2481E-03     4.6052E-02     0.0000E+00     0.0000E+00
   574     5.2481E-03  5.0119E-03     4.6052E-02     0.0000E+00     0.0000E+00
   575     5.0119E-03  4.7863E-03     4.6052E-02     0.0000E+00     0.0000E+00
   576     4.7863E-03  4.5709E-03     4.6052E-02     0.0000E+00     0.0000E+00
   577     4.5709E-03  4.3652E-03     4.6052E-02     0.0000E+00     0.0000E+00
   578     4.3652E-03  4.1687E-03     4.6052E-02     0.0000E+00     0.0000E+00
   579     4.1687E-03  3.9811E-03     4.6052E-02     0.0000E+00     0.0000E+00
   580     3.9811E-03  3.8019E-03     4.6052E-02     0.0000E+00     0.0000E+00
   581     3.8019E-03  3.6308E-03     4.6052E-02     0.0000E+00     0.0000E+00
   582     3.6308E-03  3.4674E-03     4.6052E-02     0.0000E+00     0.0000E+00
   583     3.4674E-03  3.3113E-03     4.6052E-02     0.0000E+00     0.0000E+00
   584     3.3113E-03  3.1623E-03     4.6051E-02     0.0000E+00     0.0000E+00
   585     3.1623E-03  3.0200E-03     4.6052E-02     0.0000E+00     0.0000E+00
   586     3.0200E-03  2.8840E-03     4.6052E-02     0.0000E+00     0.0000E+00
   587     2.8840E-03  2.7542E-03     4.6052E-02     0.0000E+00     0.0000E+00
   588     2.7542E-03  2.6303E-03     4.6052E-02     0.0000E+00     0.0000E+00
   589     2.6303E-03  2.5119E-03     4.6052E-02     0.0000E+00     0.0000E+00
   590     2.5119E-03  2.3988E-03     4.6052E-02     0.0000E+00     0.0000E+00
   591     2.3988E-03  2.2909E-03     4.6052E-02     0.0000E+00     0.0000E+00
   592     2.2909E-03  2.1878E-03     4.6052E-02     0.0000E+00     0.0000E+00
   593     2.1878E-03  2.0893E-03     4.6052E-02     0.0000E+00     0.0000E+00
   594     2.0893E-03  1.9953E-03     4.6052E-02     0.0000E+00     0.0000E+00
   595     1.9953E-03  1.9055E-03     4.6051E-02     0.0000E+00     0.0000E+00
   596     1.9055E-03  1.8197E-03     4.6052E-02     0.0000E+00     0.0000E+00
   597     1.8197E-03  1.7378E-03     4.6052E-02     0.0000E+00     0.0000E+00
   598     1.7378E-03  1.6596E-03     4.6052E-02     0.0000E+00     0.0000E+00
   599     1.6596E-03  1.5849E-03     4.6052E-02     0.0000E+00     0.0000E+00
   600     1.5849E-03  1.5136E-03     4.6052E-02     0.0000E+00     0.0000E+00
   601     1.5136E-03  1.4454E-03     4.6051E-02     0.0000E+00     0.0000E+00
   602     1.4454E-03  1.3804E-03     4.6052E-02     0.0000E+00     0.0000E+00
   603     1.3804E-03  1.3183E-03     4.6051E-02     0.0000E+00     0.0000E+00
   604     1.3183E-03  1.2589E-03     4.6052E-02     0.0000E+00     0.0000E+00
   605     1.2589E-03  1.2023E-03     4.6052E-02     0.0000E+00     0.0000E+00
   606     1.2023E-03  1.1482E-03     4.6051E-02     0.0000E+00     0.0000E+00
   607     1.1482E-03  1.0965E-03     4.6052E-02     0.0000E+00     0.0000E+00
   608     1.0965E-03  1.0471E-03     4.6051E-02     0.0000E+00     0.0000E+00
   609     1.0471E-03  1.0000E-03     4.6052E-02     0.0000E+00     0.0000E+00
   610     1.0000E-03  9.5499E-04     4.6052E-02     0.0000E+00     0.0000E+00
   611     9.5499E-04  9.1201E-04     4.6052E-02     0.0000E+00     0.0000E+00
   612     9.1201E-04  8.7096E-04     4.6052E-02     0.0000E+00     0.0000E+00
   613     8.7096E-04  8.3176E-04     4.6052E-02     0.0000E+00     0.0000E+00
   614     8.3176E-04  7.9433E-04     4.6052E-02     0.0000E+00     0.0000E+00
   615     7.9433E-04  7.5858E-04     4.6052E-02     0.0000E+00     0.0000E+00
   616     7.5858E-04  7.2444E-04     4.6052E-02     0.0000E+00     0.0000E+00
   617     7.2444E-04  6.9183E-04     4.6052E-02     0.0000E+00     0.0000E+00
   618     6.9183E-04  6.6069E-04     4.6052E-02     0.0000E+00     0.0000E+00
   619     6.6069E-04  6.3096E-04     4.6052E-02     0.0000E+00     0.0000E+00
   620     6.3096E-04  6.0256E-04     4.6052E-02     0.0000E+00     0.0000E+00
   621     6.0256E-04  5.7544E-04     4.6052E-02     0.0000E+00     0.0000E+00
   622     5.7544E-04  5.4954E-04     4.6052E-02     0.0000E+00     0.0000E+00
   623     5.4954E-04  5.2481E-04     4.6052E-02     0.0000E+00     0.0000E+00
   624     5.2481E-04  5.0119E-04     4.6052E-02     0.0000E+00     0.0000E+00
   625     5.0119E-04  4.7863E-04     4.6052E-02     0.0000E+00     0.0000E+00
   626     4.7863E-04  4.5709E-04     4.6052E-02     0.0000E+00     0.0000E+00
   627     4.5709E-04  4.3652E-04     4.6052E-02     0.0000E+00     0.0000E+00
   628     4.3652E-04  4.1687E-04     4.6052E-02     0.0000E+00     0.0000E+00
   629     4.1687E-04  3.9811E-04     4.6052E-02     0.0000E+00     0.0000E+00
   630     3.9811E-04  3.8019E-04     4.6052E-02     0.0000E+00     0.0000E+00
   631     3.8019E-04  3.6308E-04     4.6052E-02     0.0000E+00     0.0000E+00
   632     3.6308E-04  3.4674E-04     4.6052E-02     0.0000E+00     0.0000E+00
   633     3.4674E-04  3.3113E-04     4.6052E-02     0.0000E+00     0.0000E+00
   634     3.3113E-04  3.1623E-04     4.6052E-02     0.0000E+00     0.0000E+00
   635     3.1623E-04  3.0200E-04     4.6052E-02     0.0000E+00     0.0000E+00
   636     3.0200E-04  2.8840E-04     4.6052E-02     0.0000E+00     0.0000E+00
   637     2.8840E-04  2.7542E-04     4.6052E-02     0.0000E+00     0.0000E+00
   638     2.7542E-04  2.6303E-04     4.6052E-02     0.0000E+00     0.0000E+00
   639     2.6303E-04  2.5119E-04     4.6052E-02     0.0000E+00     0.0000E+00
   640     2.5119E-04  2.3988E-04     4.6052E-02     0.0000E+00     0.0000E+00
   641     2.3988E-04  2.2909E-04     4.6052E-02     0.0000E+00     0.0000E+00
   642     2.2909E-04  2.1878E-04     4.6052E-02     0.0000E+00     0.0000E+00
   643     2.1878E-04  2.0893E-04     4.6052E-02     0.0000E+00     0.0000E+00
   644     2.0893E-04  1.9953E-04     4.6052E-02     0.0000E+00     0.0000E+00
   645     1.9953E-04  1.9055E-04     4.6051E-02     0.0000E+00     0.0000E+00
   646     1.9055E-04  1.8197E-04     4.6052E-02     0.0000E+00     0.0000E+00
   647     1.8197E-04  1.7378E-04     4.6052E-02     0.0000E+00     0.0000E+00
   648     1.7378E-04  1.6596E-04     4.6052E-02     0.0000E+00     0.0000E+00
   649     1.6596E-04  1.5849E-04     4.6052E-02     0.0000E+00     0.0000E+00
   650     1.5849E-04  1.5136E-04     4.6052E-02     0.0000E+00     0.0000E+00
   651     1.5136E-04  1.4454E-04     4.6051E-02     0.0000E+00     0.0000E+00
   652     1.4454E-04  1.3804E-04     4.6052E-02     0.0000E+00     0.0000E+00
   653     1.3804E-04  1.3183E-04     4.6051E-02     0.0000E+00     0.0000E+00
   654     1.3183E-04  1.2589E-04     4.6052E-02     0.0000E+00     0.0000E+00
   655     1.2589E-04  1.2023E-04     4.6052E-02     0.0000E+00     0.0000E+00
   656     1.2023E-04  1.1482E-04     4.6051E-02     0.0000E+00     0.0000E+00
   657     1.1482E-04  1.0965E-04     4.6052E-02     0.0000E+00     0.0000E+00
   658     1.0965E-04  1.0471E-04     4.6051E-02     0.0000E+00     0.0000E+00
   659     1.0471E-04  1.0000E-04     4.6052E-02     0.0000E+00     0.0000E+00
   660     1.0000E-04  9.5499E-05     4.6052E-02     0.0000E+00     0.0000E+00
   661     9.5499E-05  9.1201E-05     4.6052E-02     0.0000E+00     0.0000E+00
   662     9.1201E-05  8.7096E-05     4.6052E-02     0.0000E+00     0.0000E+00
   663     8.7096E-05  8.3176E-05     4.6052E-02     0.0000E+00     0.0000E+00
   664     8.3176E-05  7.9433E-05     4.6052E-02     0.0000E+00     0.0000E+00
   665     7.9433E-05  7.5858E-05     4.6052E-02     0.0000E+00     0.0000E+00
   666     7.5858E-05  7.2444E-05     4.6052E-02     0.0000E+00     0.0000E+00
   667     7.2444E-05  6.9183E-05     4.6052E-02     0.0000E+00     0.0000E+00
   668     6.9183E-05  6.6069E-05     4.6052E-02     0.0000E+00     0.0000E+00
   669     6.6069E-05  6.3096E-05     4.6052E-02     0.0000E+00     0.0000E+00
   670     6.3096E-05  6.0256E-05     4.6052E-02     0.0000E+00     0.0000E+00
   671     6.0256E-05  5.7544E-05     4.6052E-02     0.0000E+00     0.0000E+00
   672     5.7544E-05  5.4954E-05     4.6052E-02     0.0000E+00     0.0000E+00
   673     5.4954E-05  5.2481E-05     4.6052E-02     0.0000E+00     0.0000E+00
   674     5.2481E-05  5.0119E-05     4.6052E-02     0.0000E+00     0.0000E+00
   675     5.0119E-05  4.7863E-05     4.6052E-02     0.0000E+00     0.0000E+00
   676     4.7863E-05  4.5709E-05     4.6052E-02     0.0000E+00     0.0000E+00
   677     4.5709E-05  4.3652E-05     4.6052E-02     0.0000E+00     0.0000E+00
   678     4.3652E-05  4.1687E-05     4.6052E-02     0.0000E+00     0.0000E+00
   679     4.1687E-05  3.9811E-05     4.6052E-02     0.0000E+00     0.0000E+00
   680     3.9811E-05  3.8019E-05     4.6052E-02     0.0000E+00     0.0000E+00
   681     3.8019E-05  3.6308E-05     4.6052E-02     0.0000E+00     0.0000E+00
   682     3.6308E-05  3.4674E-05     4.6052E-02     0.0000E+00     0.0000E+00
   683     3.4674E-05  3.3113E-05     4.6052E-02     0.0000E+00     0.0000E+00
   684     3.3113E-05  3.1623E-05     4.6051E-02     0.0000E+00     0.0000E+00
   685     3.1623E-05  3.0200E-05     4.6052E-02     0.0000E+00     0.0000E+00
   686     3.0200E-05  2.8840E-05     4.6052E-02     0.0000E+00     0.0000E+00
   687     2.8840E-05  2.7542E-05     4.6052E-02     0.0000E+00     0.0000E+00
   688     2.7542E-05  2.6303E-05     4.6052E-02     0.0000E+00     0.0000E+00
   689     2.6303E-05  2.5119E-05     4.6052E-02     0.0000E+00     0.0000E+00
   690     2.5119E-05  2.3988E-05     4.6051E-02     0.0000E+00     0.0000E+00
   691     2.3988E-05  2.2909E-05     4.6052E-02     0.0000E+00     0.0000E+00
   692     2.2909E-05  2.1878E-05     4.6052E-02     0.0000E+00     0.0000E+00
   693     2.1878E-05  2.0893E-05     4.6052E-02     0.0000E+00     0.0000E+00
   694     2.0893E-05  1.9953E-05     4.6052E-02     0.0000E+00     0.0000E+00
   695     1.9953E-05  1.9055E-05     4.6051E-02     0.0000E+00     0.0000E+00
   696     1.9055E-05  1.8197E-05     4.6052E-02     0.0000E+00     0.0000E+00
   697     1.8197E-05  1.7378E-05     4.6052E-02     0.0000E+00     0.0000E+00
   698     1.7378E-05  1.6596E-05     4.6052E-02     0.0000E+00     0.0000E+00
   699     1.6596E-05  1.5849E-05     4.6052E-02     0.0000E+00     0.0000E+00
   700     1.5849E-05  1.5136E-05     4.6052E-02     0.0000E+00     0.0000E+00
   701     1.5136E-05  1.4454E-05     4.6051E-02     0.0000E+00     0.0000E+00
   702     1.4454E-05  1.3804E-05     4.6052E-02     0.0000E+00     0.0000E+00
   703     1.3804E-05  1.3183E-05     4.6051E-02     0.0000E+00     0.0000E+00
   704     1.3183E-05  1.2589E-05     4.6052E-02     0.0000E+00     0.0000E+00
   705     1.2589E-05  1.2023E-05     4.6052E-02     0.0000E+00     0.0000E+00
   706     1.2023E-05  1.1482E-05     4.6051E-02     0.0000E+00     0.0000E+00
   707     1.1482E-05  1.0965E-05     4.6052E-02     0.0000E+00     0.0000E+00
   708     1.0965E-05  1.0471E-05     4.6051E-02     0.0000E+00     0.0000E+00
   709     1.0471E-05  1.0000E-05     4.6052E-02     0.0000E+00     0.0000E+00